taxon_oid	16S rRNA Count 
2561511126	3
2526164587	1
2565956582	1
2534681906	6
2565956977	1
2571042301	1
2563366717	5
2554235249	1
2576861262	1
2615840716	1
2590828857	4
2565956782	1
2518645592	1
2507149015	4
2568526720	1
2513237281	1
2565956948	11
2515154077	1
2579778977	5
644736387	5
2609460170	18
646206271	1
2551306505	11
2597490375	4
2579778875	1
2537561546	1
2514752031	1
648276692	1
2558860229	4
642555147	1
2593339195	2
2547132159	1
2596583625	2
2554235067	1
2519103150	2
2585428094	1
2576861202	1
2574180319	1
2547132187	12
2518645550	1
2596583557	1
2526164682	1
2556921653	3
2600255043	1
2523533616	7
2585428009	1
2597489910	7
2562617101	1
2524614883	8
2609460245	1
2554235300	1
2511231052	1
2600255062	2
2228664006	1
2513237101	1
2537562011	2
2521172590	2
2554235018	2
640069307	6
2548876742	9
2574180353	1
2574180114	1
2565956879	10
2565956914	12
2513237387	1
650716044	2
645058863	1
2551306085	6
2521172627	9
2521172636	2
2615840592	1
650716078	2
2597490136	6
2585427979	1
2574180201	1
2597489917	1
2616644844	1
2531839037	1
2511231000	1
2576861001	1
648276616	1
2551306168	1
2609460278	1
2541047152	2
649989920	1
2579779064	1
2565956893	2
2565956985	5
2551306279	1
2506783025	1
2609459751	2
643348509	5
2597490179	4
2551306338	1
2540341146	1
650377902	4
2609460021	7
2596583572	1
2511231007	1
642555113	6
2513237082	2
2521172643	2
2508501050	1
643348502	6
2574179850	1
2537561556	7
2517572209	8
643692007	14
2521172624	1
2524614661	5
2511231122	5
2558860262	3
2516653048	1
2509276063	2
2597490103	6
2574180380	1
2576861499	1
2554235093	1
2519899735	3
2516653085	3
2523231079	7
641522612	2
2582581864	1
651324099	1
646564508	12
2537562208	1
2537561999	6
2526164657	1
2576861772	1
2579778545	3
2574180196	1
650377963	7
2561511129	1
2602041528	1
2554235021	3
2545824724	1
645951854	3
2597489907	1
2585427591	3
2554235214	1
2513237163	2
642555151	3
2585427531	1
2579778742	2
2565956925	10
2551306110	1
2519899788	1
2537561840	1
643886173	1
2548876687	1
2565956580	5
2548876929	1
2579778577	3
2582581023	1
2574179766	2
2524023149	1
2547132160	1
2554235306	1
2517572022	8
2519899559	1
645058838	1
648276626	1
2576861060	1
2531839707	1
2568526233	1
2554235242	1
641736250	10
2579779037	5
2585427528	1
2585427830	1
2515154196	1
2531839682	1
2518285588	4
2508501060	1
2585427704	1
2582580767	1
643348510	14
2556921011	6
2582581314	4
2579778935	1
2565956941	3
2563366513	11
2609459813	3
2609460008	1
2576861352	1
2582581312	1
2576861788	1
2519103183	2
651324043	1
2596583660	3
2545824565	4
2524614577	4
639633014	6
641522602	6
2582581301	8
2551306347	8
2565956706	1
2554235008	1
2565956907	2
2574180051	1
2597489954	4
2585427721	1
2582581281	2
2537561554	1
2574180344	1
2585427602	2
2517572150	9
2521172614	3
2505313052	1
2596583696	6
641522635	2
2582580967	2
2582580920	1
2568526534	1
2554235204	1
2558309150	1
2511231016	1
2565956965	9
2513237095	1
2534681815	1
649633007	3
2576861218	1
2576861181	1
2513237112	2
2512047018	1
648276701	1
2562617007	6
2585427529	1
2554235252	1
2609460069	1
2609459741	1
2593339259	2
2565957086	4
2541047117	10
2551306008	1
2554235292	1
2551306172	1
2551306029	1
2576861384	1
2600255398	1
649633092	3
2576861090	1
2579778732	1
2579779099	5
2534681777	4
2574180277	1
2558309093	4
2574180240	1
2574179941	1
2554235178	1
651053010	3
2558860231	4
2579778872	4
2524023087	8
2582580998	1
2576861059	1
2548877073	1
2558309083	9
2596583677	2
2526164623	1
2585427681	1
2574180264	1
2585427668	1
2565956798	2
2508501065	1
2551306466	1
2534681668	3
2541047519	3
649989909	1
2593339200	3
2518645599	1
2515154107	1
2561511166	2
2576861030	1
2540341118	4
2585427659	6
2576861021	1
2524614738	1
2576861148	1
2574179857	1
2517093011	3
2519899600	1
2576861725	4
2534681851	3
2521172631	3
2579779085	1
2554235060	11
2526164786	1
2541047481	1
2576861289	1
2522125057	1
2545824630	1
2537561852	4
2524614806	1
2511231155	6
2576861793	1
650716013	5
640427103	2
2574180142	1
2574179739	1
2615840624	1
2565956955	4
2510065055	1
2565956685	5
2576861478	13
2551306006	1
2537561901	2
2609460310	3
2554235193	3
2565957078	9
2522572177	2
2602042089	7
2531839070	1
2576861768	1
2551306146	1
2516493027	2
2582580841	2
2511231130	1
2600254970	2
2585427935	1
2579778885	1
2513237153	1
2579779094	2
2609460131	1
2609460088	1
2585428045	1
2568526322	1
2565956956	9
2565956599	5
2548876759	10
649633099	3
2585427673	2
2554235274	1
2576861285	1
2541047020	2
2574180401	1
2582581004	1
645058773	11
2574180207	1
2529293011	6
643886038	1
2576861701	1
648276719	2
2506783058	1
2597490204	9
2548876913	1
2554235271	1
2563367214	4
2551306281	1
2574180408	1
2515154148	1
2609460327	7
2524614862	3
2531839286	1
2562617130	3
2554235097	3
2585427955	1
2513237088	1
2519899826	5
2537561725	9
2574179965	1
2561511161	6
2554235076	3
2554235014	8
2554235132	4
2513237143	1
2554235019	5
2519103148	4
2561511189	5
2574179863	1
2608642243	1
2582580888	1
643886101	1
2609460200	2
2585427841	5
2579778965	1
642555162	4
2512047086	3
2551306318	1
2609459768	5
2563366605	6
2505313057	1
2537562224	7
648028004	6
2609459738	5
2596583649	2
2548876810	2
646564507	11
2576861074	1
640753006	13
2576861307	1
2596583585	1
2523533507	1
2554235054	1
648028010	2
2537561847	1
2563367154	2
2547132221	1
2519899798	2
2597489886	6
2522572060	8
2526164714	2
2576861656	2
2565956990	6
2534681909	8
2576861083	1
647533117	1
2597490269	1
2547132131	13
2524614547	1
2558860211	1
2524614536	3
2574180195	1
2554235341	5
2597490165	11
2551306104	7
2576861107	1
2565956946	5
2565956543	2
2590828861	2
2540341073	1
2568526295	1
2579778783	7
2537561923	1
2551306495	2
2574179837	1
2519899763	2
2519899668	1
2579779127	2
640427144	2
2504756061	1
2596583656	3
2551306340	3
2531839279	3
2561511195	13
2565956930	4
2551306177	1
2540341042	1
2514752000	3
2574179873	1
2597490125	4
2523231013	1
2597489926	2
2565956572	8
2554235063	3
2597490074	4
2531839634	7
2585427975	1
2574180031	1
2526164593	1
2574180366	1
2548876779	1
2562617041	1
650377901	6
2554235244	1
2526164655	1
2565956892	3
2518645536	3
651324106	2
2565956638	5
2541047100	1
2505679007	2
2574179830	1
2588253862	2
2517287029	3
2574180330	1
2511231127	3
2522572103	1
2615840541	3
2585427654	7
2565957132	4
2522125097	1
2582580790	5
2574179902	1
2537561970	2
2540341243	4
2554235288	1
2547132240	1
2526164708	1
2515154098	1
2574180118	1
2551306180	2
2548876762	10
2597490277	14
2571042798	9
2505313044	1
2600255059	1
2521172660	1
639633042	2
2551306276	2
2540341128	2
2509601034	4
2565956973	4
2513237178	1
641522641	1
2563366598	8
2531839458	6
648028033	3
2524614608	1
2574180154	1
2537561905	1
2519899843	3
2524023214	2
2565957091	5
2554235005	7
2609460189	1
2579778595	1
2554235053	1
2518645580	6
2574180394	1
2505313050	1
2563367150	4
2508501123	2
2551306161	1
2571042282	1
2545555865	4
2582580797	5
2609460097	14
2524023182	1
2523533568	1
2508501042	1
2582581024	3
2574179736	13
2513237086	1
2554235273	3
2576861213	1
2615840603	2
2554235375	2
2576861094	1
641522639	6
2597490370	1
2582580936	1
2521172690	3
2565956814	1
645058859	2
2608642165	2
2531839576	7
2507262027	2
2576861005	1
2574180104	1
2565956641	2
2515154142	1
646206250	1
2600255066	1
2615840523	1
2574179930	1
2522572201	3
2551306217	10
2579778528	6
2534681778	4
2603880217	7
2562617045	2
2565956897	7
2561511243	3
2551306036	1
2579779045	1
2548876508	1
2576861732	4
2540341000	5
2524614516	3
2511231022	1
2548877081	1
2537562155	1
2524614798	1
2576861805	1
2556921674	3
642555170	2
2576861298	1
2540341176	4
2517572239	6
2554235265	1
646862346	6
643886156	1
2551306323	1
2568526096	1
2548877066	1
2521172654	1
646564519	2
2551306422	1
2537561872	2
2593339236	4
2615840641	4
2574179811	1
2519899734	8
2519103017	1
2506783031	1
2574180388	1
2528768210	5
2600255075	1
2574179928	1
2534682196	8
2558860629	1
650716008	3
2576861167	1
2548876784	5
2554235227	1
641736173	10
2519103020	1
2529293010	4
2548876769	9
2524023247	3
2568526733	4
2609459735	2
2600255394	1
2582581317	3
2609460311	1
2576861338	1
2563367047	1
2600255070	1
2531839356	2
2609460213	1
2576861129	1
2615840696	6
2506783060	2
2565956908	9
2574180046	1
2585428059	11
2562617104	3
2565957082	4
2537561971	5
2565956794	1
2510065054	1
2554235059	9
2519103072	1
2517093031	3
2526164679	1
2531839311	3
2523533526	2
643348514	13
2576861314	1
2508501126	2
2565956863	1
2518645509	2
2526164627	1
2585427635	2
2576861471	3
2574179777	3
2554235211	1
2513237098	4
2576861375	1
649633031	5
2574179889	1
2600255231	5
2597490156	6
2582580891	1
2554235298	1
2568526750	20
645951812	2
2579778734	1
2576861325	1
2531839224	9
643348511	12
641522606	3
2574180411	1
2537562003	4
2522572063	1
2571042114	1
2574180244	1
645058717	2
2548876750	1
2551306410	1
2517434012	2
2574179748	7
2554235071	3
645058774	12
2574180007	1
2597489895	5
2565956761	4
2556921008	1
2551306461	3
640753040	1
2508501009	1
2576861279	1
2523533536	1
2534681695	7
2531839365	5
645058765	3
2609460032	1
2556921620	2
650716075	4
2547132184	2
2534682062	1
2510065059	1
2576861669	2
2519899778	4
2547132424	3
2596583599	2
2551306153	1
2541047118	7
641228477	14
2565956862	8
2548877034	1
2524023209	1
2574180197	1
2513237092	1
2576861310	1
2576861229	1
2510917022	1
2574180026	1
2582581379	3
2600255069	1
2551306295	1
2574180405	1
646206267	1
2571042919	9
2534682027	1
2582580777	6
2574179843	1
2582580974	1
2585427836	2
2579778861	6
2511231017	2
2531839408	2
2576861246	1
2579779026	1
2537561969	1
2547132140	6
2534682116	1
2565956989	7
2556921041	10
2531839248	3
2524023138	1
2568526620	1
643886077	1
2523533560	2
2576861274	1
2508501072	5
2576861291	1
2551306038	1
2593339199	9
2556921097	4
2517572124	1
2590828858	3
2609460120	10
644736386	5
2551306143	2
2540341200	2
2519103153	2
647000280	1
2574179970	1
2565956800	2
649633008	10
2524023129	8
2576861318	1
2565957073	6
2523533545	1
2599185106	1
2545824761	1
2579778519	3
2574179955	1
2565957130	5
2558860284	1
2603880186	1
2521172640	1
647000305	1
2609460204	1
2556921042	1
2582581241	4
2574180309	4
2585427645	5
2517434007	4
2534682020	8
2616644831	3
2537561811	1
2600255126	1
2596583576	1
2548877050	1
649633001	2
643886032	1
649633029	3
2518645587	5
2593339252	3
2516653027	1
2565956919	3
2534682200	2
2568526313	3
2554235239	1
2609460072	2
2585427608	1
2562617070	14
2554235080	1
2517572165	4
2574180418	1
2574180214	1
640753051	3
2609460308	1
2551306357	1
2516143111	3
2545824643	3
2558309035	4
2511231012	1
2531839589	6
2529293194	1
2513237199	3
2563366505	3
2576861391	1
2554235058	1
641522646	7
2585427800	1
2574180004	1
2565956871	1
2551306117	1
2579779008	1
2515154079	1
2517287015	2
2548877079	1
2551306416	1
2517572076	2
2513237146	1
2521172700	10
644736400	3
2561511090	3
2568526141	4
2551306011	1
649633010	10
649633087	2
650716086	3
2565956815	1
2519103124	2
643886126	1
2551306666	1
2526164590	1
2526164764	1
2522572192	2
2609460193	2
2579778922	1
2524614665	1
2579778893	2
2574180098	1
2521172560	1
2554235081	3
2519899590	1
644736332	3
2529293006	5
2565957137	1
2585427626	8
2547132260	1
2547132259	1
2565956548	6
648028027	2
2609459632	6
2597490294	1
2541046985	2
2585427643	9
2551306529	1
2508501055	1
2582581306	1
2574180370	1
2511231027	2
2545824567	4
2576861707	1
642555139	5
2565957087	1
2519899787	2
2513237140	1
649989991	1
2565956559	3
2548877059	1
2551306285	1
2565956960	9
2551306463	1
2523231061	1
2582581295	2
2565956867	10
2548877074	1
2562617175	1
2563366594	10
2511231087	3
2521172712	7
644736401	3
2517572023	3
2597489875	1
2615840658	11
2515154102	1
2513237162	1
2574179801	4
2517093000	3
2585427934	4
2519103151	5
2603880220	10
641522608	6
2574180255	1
2537562209	1
641522645	7
2518285526	7
2574179851	1
640753005	10
2517434010	3
2529293004	6
642979363	1
2576861498	1
641522660	2
2579778587	1
2609460275	1
643886153	3
2528768022	1
2554235749	1
643886172	1
2579779093	1
2554235020	1
2548877017	1
2554235073	1
650377907	10
2582581313	2
2585427592	4
2554235262	1
2515154149	1
2596583561	1
2540341066	4
2568526688	1
2503198000	2
2506520041	2
2562617102	5
2585427653	3
2576861239	1
2554235243	1
2505313053	1
2558309009	7
2597490046	3
2574180052	1
2574179876	1
2582581282	2
2554235348	6
2561511106	2
2531839364	3
2588253743	10
2582580766	1
2548876812	1
2537561846	6
2512875024	2
2513237137	1
2554235307	1
2510065069	2
643886091	1
2558860230	4
2579779115	1
2585428187	1
2568526044	5
2531839352	1
2574180080	1
2509276018	2
2516143117	1
2582581865	1
2551306126	1
2554235048	12
2504756050	5
2565956940	13
649989911	3
2526164658	1
2541047045	1
2558309051	6
2568526256	1
2523533586	2
2615840698	1
2609460250	3
2524614546	1
2565956880	11
2541047508	1
2523533557	1
2524614667	2
2565956783	1
650716060	1
641228476	3
2568526533	4
2518645567	4
2548877052	3
642979329	1
2522572099	2
2615840638	4
2562617109	1
2545555877	2
648276750	1
645058841	1
2515154197	1
2585428000	1
2596583579	1
2568526672	1
2545824540	2
2554235308	1
2568526725	2
650716081	1
2565956976	6
2541047004	9
646206270	1
2541046952	1
2574180226	1
2597490114	11
2585427716	2
2508501124	1
2585428095	1
2563367153	2
649633091	2
2615840711	1
2524614632	1
2551306031	1
2579778878	1
2585427634	3
2571042219	12
2551306326	1
2579778761	1
2548876505	1
2547132518	1
641736194	2
2519103127	2
2515154138	1
2508501062	1
2522125078	6
2524614730	1
639633044	2
2615840637	3
2529293014	4
2579778789	1
2576861348	1
2554235036	14
2609460230	1
2506520047	12
640069319	1
2565957094	4
2545555827	9
2582581304	2
2529293185	1
2554235367	6
2565956915	7
2568526216	1
2565956894	9
2513237381	1
2554235010	8
2517572167	1
2519103147	7
2565956647	6
2551306688	1
2571042567	4
2513237142	1
649633106	2
2541047480	1
2579778568	1
2529292951	1
2554235270	1
2517572214	2
2582580837	1
2565956984	4
2568526613	4
2537561719	1
2540341147	9
650716043	3
2521172626	3
2522125170	2
2522125173	1
649633070	2
2579779083	1
2506783055	1
2531839359	3
2576861095	1
2547132143	11
2582581873	1
2574179862	1
2551306519	15
2554235286	1
647533120	2
2576861368	1
2521172671	1
2582581294	2
642555161	4
2565956887	6
2576861286	1
2576861116	2
2506210031	1
2593339139	3
2554235079	1
650716057	2
2523533607	1
2609459882	1
2579778510	1
2574180269	1
2554235086	2
651053044	1
2576861321	1
2585427968	3
2513237087	2
2561511224	1
643886085	1
2529293190	1
2519899839	1
2554235131	1
645058757	1
2519899789	3
2582580986	7
2585427599	7
2526164687	1
2565956680	2
2523533564	4
2576861135	1
643886161	1
2551306015	1
642555169	2
2523533617	11
2568526456	5
2541047007	1
2574180239	1
2547132098	4
2609460314	1
2565956969	3
2576861042	1
2565956797	3
2576861653	1
2531839069	1
2519103160	2
2579778981	1
2526164713	1
2579779036	1
2547132138	1
2576861038	1
2576861283	1
2554235301	1
2558860367	2
2558860630	1
2537561730	1
2554235055	1
643692012	3
2579778738	1
2590828860	3
2547132145	4
2551306098	1
2597489890	5
650716028	3
2563367213	5
2510065060	1
2568526658	1
2585428017	1
2554235068	2
2585428157	2
2547132081	2
2554235236	1
2579779107	1
648276728	1
2524023205	1
2600255057	1
2565956866	2
2509601001	3
2579778820	9
648276696	1
2615840642	2
2505313058	1
2526164588	1
2508501040	6
2518285616	2
2524614543	1
2563366508	1
2519899536	7
2568526649	2
2579778698	2
2574179952	1
2565956902	5
2524614763	3
2554235278	1
2526164557	2
2558860242	5
2508501052	2
2519899517	2
2524023212	2
2554235253	1
2574180322	1
2515154206	2
2534682261	1
2576861016	1
648861006	1
2565957083	1
2579778911	1
2515154165	1
2579778777	1
2526164624	1
2551306546	1
2551306000	1
2524614868	1
2563367189	1
2574180242	3
2576861217	1
2554235293	1
2574180278	1
2517287032	4
2574180085	1
2576861233	1
2585427680	1
2529292744	1
640612200	11
2565956971	2
2551306140	1
2576861055	1
2597489885	1
637000172	1
2517487005	2
2600255003	1
2574179977	1
2576861215	1
2522572168	2
642791616	4
2615840625	2
2565956954	8
646206265	1
2565956875	5
2551306190	1
2563366540	1
2563366726	1
2551306028	1
2534681667	2
2551306294	1
2529293007	5
2568526514	1
2579778834	7
2563366737	1
2517093015	2
2537562005	4
2523533621	3
2519899654	3
2545824723	1
2597490351	1
637000344	4
2522125080	1
2556921654	4
2534681694	7
2574179858	1
2534681678	1
2537562006	1
2548877070	1
650716014	3
2526164745	1
2526164685	1
2602041667	2
2574179886	1
2511231004	1
2521172630	4
2551306715	7
2574180298	1
2524614597	3
2551306164	1
640069303	4
651285011	6
2563367141	1
2551306149	3
651053067	3
2597490104	3
2551306007	1
2563366587	4
2554235310	1
2579778672	1
2558309055	5
2531839132	2
2574180175	1
2579778509	1
2511231173	10
2582580889	1
2554235374	4
2519899809	1
2556921113	1
2531839539	1
2519103180	1
2582580781	11
2576861017	1
2519899509	1
2579778624	1
2565956926	2
2541047091	1
2548877156	2
2531839202	1
2547132168	3
2554235266	1
2582580912	7
2531839575	4
2513020052	1
2551306479	1
2524614636	11
2522572175	3
2534682021	9
2599185297	1
2534682195	5
2517572151	10
2563366509	3
646564564	4
2556921627	3
2602042072	2
649633066	2
2524023070	2
2519899568	1
2524023187	1
2540341098	1
2551306322	1
2523533632	3
2513237151	2
639633065	3
2537561851	5
2565957084	5
2565956909	5
2582581299	1
2582580845	2
2571042424	1
2574179882	1
2576861220	1
2561511085	9
648028048	12
2600255295	4
2562617105	7
2609459763	4
650716074	5
644736347	5
2551306421	1
2585427803	3
2548877082	1
2609459736	2
2540341236	1
2519103095	6
2511231144	6
2574179983	1
2554235203	1
2545824615	2
2554235213	1
2519899783	5
2574180060	1
2579778770	1
2585427992	1
2585428061	1
2588253861	1
2534681910	4
647533108	1
2576861372	1
2548876926	1
2505313062	1
2517572207	14
2576861182	1
2523533550	2
2565956945	3
2600254965	1
2548877075	1
2537562045	1
2568526178	5
2519103128	4
2609460233	1
2537562007	5
2574180256	1
2554235070	12
2554235259	1
2554235446	9
2505313051	1
2554235287	1
2519899713	2
2609460049	1
2588253840	1
2574180382	1
2585427826	1
2597490284	6
2574180010	1
2526164660	1
2585427685	1
2574180232	1
2582580791	1
2519103190	5
2574180403	1
2558309084	5
2562617116	7
2551306291	1
2531839176	1
2519899712	3
2576861064	1
2524614673	1
2547132099	4
2510461014	6
2568526496	1
2528768222	11
2602041573	1
2576861121	1
2548876680	1
2554235210	1
2576861265	1
2511231064	10
2526164592	1
2565956983	5
2540341199	3
2565957090	9
2509276010	3
2515154022	1
2548877022	1
2576861470	2
2545555864	1
641522642	1
2585428004	6
2585427590	1
2541047479	1
2515154113	1
2565956931	9
2576861755	1
2565956822	9
2505313043	1
643886160	1
2537561836	1
2609459642	4
2615840613	1
2548876761	10
643886018	5
2524023208	2
2597490205	1
2574180155	1
2521172559	1
2540341129	9
2524023136	1
2531839348	1
2562617039	1
2563366516	8
2521172661	11
2576861242	1
2585428024	2
2565957077	6
2585427679	1
644736390	1
2596583565	1
2545824541	2
2579779168	1
2513237147	2
2576861273	1
2554235003	5
2521172603	2
2585427965	1
2593339131	9
2615840709	1
2526164656	1
2585428018	12
2574180115	1
2537562036	4
2547132399	1
2582581307	1
2590828854	4
2574179989	1
2574180315	1
651053009	3
2596583556	1
2554235272	1
2546826728	6
2511231156	5
2574180032	1
2551306360	1
2534681907	5
2565956508	2
2548877166	1
2554235064	6
649990021	1
2513237325	1
2547132156	1
2551306160	1
2510065092	1
2565956928	7
2563367139	1
651324020	1
2576861163	1
2534682333	1
2517572096	1
2596583648	3
2562617136	2
644736336	3
2563366586	5
2576861035	1
2513237278	1
2609459765	2
2554235268	1
649633004	3
650377903	2
649989910	1
2593339196	3
2574179808	1
2574180165	1
2609460181	1
2534681648	5
2593339171	2
2547132197	1
2616644814	3
2571042193	1
2563366751	1
643692032	3
2521172612	3
2565956514	1
2565956663	5
2548877065	1
2579778584	1
2574179914	1
2574180204	1
2565956898	10
2505313054	1
2519103115	5
2563367218	5
648276695	1
2529292568	3
647000204	1
2511231054	2
2531839247	1
2565956639	5
2548876981	1
648028054	1
2609460246	1
2565956959	3
2547132177	2
2609459711	3
2515075009	3
2585427662	14
2524614734	2
2565956906	1
2565956884	1
648861013	1
2524023168	1
2579778744	2
2576861014	1
2574180042	1
2565956933	1
645058868	1
2551306356	1
2576861080	1
2551306010	1
2585428106	1
2596583587	1
2565956872	9
2531839358	11
2568526092	2
642979310	2
2554235016	8
649989970	1
2513237216	10
649989994	1
2585427642	2
639633025	3
643886031	1
2513237091	1
2574179835	1
2548877086	1
2585427848	5
2565956642	7
2551306032	1
2597490181	3
2576861179	1
2526164681	1
651285000	1
651324084	1
2609459633	1
2524023248	8
2537561734	1
2563366511	2
2551306287	1
2541047019	8
649633090	2
2615840527	2
2522125081	3
2576861004	7
2513237090	2
2574180371	1
2508501056	1
2519899619	1
2511231060	2
2508501005	4
2579779012	1
2561511156	6
2579779075	1
2582581316	1
2551306308	1
2522572188	3
2515154012	2
2582580991	1
643348505	4
2522572100	2
2565956921	2
2548877035	1
2576861051	1
2537562002	5
2509276053	3
2597490373	2
2517572245	1
2585427652	3
651324080	1
2554235023	3
2541046994	1
2597489889	6
2609459760	1
2579778757	2
2574179969	1
2565956689	3
2505313027	1
2513237136	1
640427124	1
2579779032	1
2579779039	1
2534681942	3
2565956988	4
2599185264	8
2576861435	4
2571042743	1
2551306460	1
2574179747	6
2551306107	4
2596583584	1
2576861223	6
2504557015	4
2571042818	2
2554235245	1
2516653074	6
642979305	1
2579778615	1
2529292752	2
2554235280	1
643886157	1
2597490100	2
2597490143	4
2585427526	1
2547132201	12
2574180180	1
2511231018	1
2554235072	10
2510917028	4
2526164585	1
2574180410	1
2565956705	7
2547132105	1
2548877090	1
641228497	5
2516493005	9
2554235231	1
650716059	1
2531839407	4
2513237166	1
2565956771	1
2585427706	4
2545555812	1
2531839636	3
2609460077	1
2597490093	4
2529293189	2
2576861332	1
2576861174	1
2551306144	1
2579778766	6
2513237156	1
2531839538	2
2615840540	1
2547132469	2
2582581240	2
2576861824	3
2511231008	1
639857001	3
2537561552	1
2571042676	1
2522572167	2
2602041645	1
2585427837	1
2523533561	2
2523533508	3
2545824691	1
2518645596	2
2576861292	1
2574179931	1
2513237085	1
2554235277	1
639633008	14
2574179844	1
2554235294	1
646564576	6
2558860234	4
640069306	4
2597490291	1
2558860918	4
2574179997	1
2579778511	1
640427123	1
2509276048	7
2523231084	1
2537562001	7
2551306324	1
2579778915	1
2551306486	1
2574179887	1
2534682260	1
643886033	1
2545824690	3
2551306170	1
2509276026	3
2516143102	1
2565957055	9
2537562213	5
2519899642	1
2529292502	2
2558309069	12
2522572162	1
2576861144	1
649633011	9
2534682017	6
650716077	4
2565957080	4
2597489888	6
2585428001	3
2551306468	1
2524614514	7
2576861779	1
2506783014	2
643348569	3
2609459993	10
2551306034	1
645058871	6
2524614850	6
2551306385	7
2537561854	3
2521172646	1
2558309085	3
2558860973	3
2523533606	1
2574179996	1
2551306393	9
2517572189	12
2554235471	4
2579778928	1
651285001	1
2609460190	1
2529293106	1
2595698215	4
2579778699	1
2523533620	1
2585428056	3
2574179845	1
2541047115	3
2558860983	2
2576861342	1
2585427683	2
2574180407	1
2529293013	8
2548877071	1
2574180398	1
648276703	1
2576861324	1
2576861110	3
2548877076	1
2574180426	1
2579779165	1
2562617172	2
2548877084	1
2524614874	4
2599185263	5
2531839573	3
2579778543	1
2571042485	1
2585427842	6
2597490288	15
2600255092	2
2513237296	10
2609460256	2
2554235051	3
2596583647	1
2506783045	1
2574179963	1
640069320	2
2508501106	2
2597490138	4
2596583574	3
2574179953	1
2537561717	1
2574179792	6
2565957089	9
641522607	3
644736396	12
2519103188	7
2576861301	1
2513237160	1
2554235095	11
2600255249	1
2576861089	1
2563367138	1
2526164526	2
2521172703	1
2554235276	1
2582581283	1
2596583582	3
2576861424	9
2579778852	4
651053043	1
2599185158	6
2554235229	1
2585427990	1
2541046934	2
2579779101	5
2582580795	1
2574180057	1
2574180074	1
2517487021	1
2511231021	1
2516143052	1
2609459766	1
2521172686	4
2513237084	1
2554235283	1
2518645600	2
2593339140	6
2576861102	1
2517093048	3
2519103110	3
2529293191	1
2540341240	3
2517572123	1
645058867	1
2585427633	3
2568526414	4
2574180130	1
2540341046	2
2574179890	1
640427132	6
2537562058	10
645058778	11
2515154171	1
2505313000	1
2554235056	1
2551306127	1
2574180203	1
2510461076	2
2554235250	1
2576861224	1
2511231013	1
2556921109	1
2547132189	1
2568526714	3
2531839535	1
2579778677	1
2554235074	9
2576861164	1
643886159	5
2597489942	2
2606217744	6
2597490364	2
2563366507	4
2554235237	1
2571042534	7
2597490151	6
2514885035	3
2523533534	2
2524614559	5
2524023204	2
2579778803	1
2537561849	6
2551306366	5
2582581280	2
640753038	4
2576861280	1
641228502	2
2522572096	2
2515154205	3
2524614556	2
2576861677	2
641522609	6
646206268	1
2565956962	6
648028034	1
2579778910	1
2537561697	5
2519899576	1
2519103093	4
2609459975	3
2574180419	1
2565957093	6
650716042	1
2524023228	1
2526164684	1
2526164589	1
2574180438	2
2519103126	2
2582580896	1
2574180317	1
2602041572	6
2574180078	1
2524023245	4
2545555834	6
2576861264	1
2574180339	6
2512047037	1
2602041622	1
2574180216	1
647000200	1
2565956901	1
2513237145	1
2588253742	13
2521172629	1
2551306316	5
2554235065	3
2597490086	5
2576861019	1
2554235754	1
2556921648	1
2519899585	1
2574179907	1
2513237283	1
2522572130	1
2554235114	1
2548876819	2
2519103166	1
2524614671	2
2596583598	2
2576861176	1
2579778729	1
2522125133	6
2554235009	1
2565956916	2
2603880219	3
2565956511	4
2545555800	1
642555153	2
2551306305	4
2576861336	1
2600255294	1
2597490377	2
2574179949	1
648276694	1
648276699	1
2558860252	7
2574180299	1
2563367190	1
2571042641	1
2519899781	5
2534682023	3
649633009	7
2574179861	1
2516143002	4
2579778897	6
2571042747	3
2507262055	1
2529293182	6
2576861745	1
2576861111	1
2596583570	1
2597490080	4
650716007	5
2558309062	7
2556921655	13
2524023150	1
2541047086	10
2548877038	1
2574179819	1
644736369	6
2579778574	1
2511231070	1
2531839578	5
2579778781	1
2574180392	1
2585427647	3
2526164626	1
2519899790	4
2551306083	1
2565956876	2
2568526698	2
2574179919	1
2551306311	1
2579778627	1
2579778555	1
2511231208	3
638341059	3
2568526598	1
2585427717	1
2554235049	1
2596583650	1
2547132302	2
2579778881	1
2516653046	3
2517572231	1
2540341095	5
2579779023	1
2574180106	1
641736159	8
2505313049	2
2585428186	6
2551306266	1
2551306628	1
2597490279	1
2574180268	2
2523533521	1
2551306014	1
2565956929	6
643348564	7
2579779130	1
651053002	6
640069305	4
643886113	2
2558309101	1
2585428184	1
2521172645	2
2579778740	4
2540341035	1
2548877061	1
2561511152	14
2526164659	1
2565956891	8
2551306189	1
2588253759	3
2521172694	1
2571042546	3
2574180065	1
2615840605	1
2526164686	1
2596583547	1
2510065045	1
2554235263	1
2609460228	1
2545824763	1
2531839278	4
2574180375	1
2507262018	1
2582581308	1
2561511073	5
2571042840	2
2562617069	14
2521172536	2
2565956927	4
2537562078	1
2511231165	4
2579778603	3
639633003	3
2565956793	1
2579778701	1
651053062	3
2574180005	1
2531839351	4
2582581293	2
2515154123	1
2602041786	1
642555110	3
650716070	13
2519103121	7
650377986	5
2579778716	1
644736338	4
2562617098	5
2563366719	2
2515154099	1
2563366515	1
646564585	1
2537562143	1
2615840647	9
2554235206	1
2508501127	2
2554235091	1
2593339130	3
2524614729	2
2513237334	1
2562617106	5
651324008	1
2531839363	5
2513237165	1
648276624	1
2615840643	1
2574180291	1
2565956881	2
2511231161	11
2531839354	5
2576861731	1
2541047103	1
640427137	3
2517572206	9
646311951	3
2597489872	1
647000279	1
2537561976	2
2571042037	6
2515154189	2
643348504	3
2582580779	5
2554235254	1
2556921003	13
2554235135	1
2565956704	4
640753027	6
2540341250	3
640427133	4
643348513	13
2597490318	6
2526164580	1
2531839540	2
2534682146	1
2585427945	6
2609460268	4
2529292754	4
2551306268	1
2504557016	3
643886087	3
2551306423	1
2574179855	1
2602042028	1
2531839367	4
2515154105	1
2574179841	7
641736251	9
2551306298	2
2563367145	2
643348565	2
2576861795	2
2509276022	2
2568526509	1
2537562052	2
2548877093	1
2579778547	7
2524023207	2
2516653029	2
2597490031	11
2600255393	1
2574180209	1
2579778815	2
2574179895	1
2565956873	1
2554235267	1
2524614764	3
641228479	3
2545824625	1
2551306027	1
2596583700	3
2526164680	1
2565956970	4
2551306277	1
2511231002	1
2568526494	8
2574180070	1
2585427667	2
2576861377	1
2519103154	6
2563366773	2
651053077	1
2554235314	1
2571042112	5
650716031	5
2507525018	4
2576861760	1
2522572065	5
2511231010	1
644736391	1
2545555813	3
2579779090	1
2574179880	1
2519899749	2
2585427834	1
2512564050	1
2593339170	2
2565956899	2
2548877088	1
2541046998	5
643692005	11
649633006	6
2574180413	1
2554235078	1
2574180360	1
2574179972	1
641228480	3
651324081	1
2521172679	3
2597489897	1
2574180190	1
2565956922	10
644736328	2
2597490120	3
2547132198	2
2582580976	1
2534681734	7
2551306154	1
2558860632	1
2574179981	1
2551306527	6
2590828816	3
2547132167	1
2513237222	4
645058800	1
2579778664	1
2576861103	1
2576861031	1
641380434	3
2518285536	1
2524614584	2
2565956905	9
2563366752	1
2513237159	1
2513237104	1
2547132142	1
2585427641	6
650716019	3
2579778673	5
2551306309	1
2511231120	3
2579778639	1
2513237150	2
2563367080	1
2519899535	3
2534681666	1
2519899768	4
2518645571	6
2609459742	5
2565956951	5
2511231119	10
2516493029	3
2512564039	14
2576861349	1
2574180053	1
2565956681	4
2522572176	3
2548877072	1
2531839506	1
2585427671	1
2529293008	7
2579778583	1
2609460104	2
2615840536	5
2565956966	4
2541046983	2
2547132239	1
2510065087	4
2579778751	1
2556921603	2
2565956917	7
2508501006	1
2523533531	3
2609460306	3
2576861086	1
2568526603	6
2574180212	1
2579778604	4
2585428046	3
643692013	5
2513237215	10
2516653084	2
2588253739	3
2547132039	1
2565956944	1
2609460209	3
2615840609	1
2574180043	1
2574180374	1
2585428139	1
2509276044	2
2548876800	1
2579778970	1
2571042728	1
2609460195	10
2585427530	1
649633014	2
2551306633	4
2579778722	1
2609460070	1
2551306373	1
2563367216	5
2579778774	1
2563367078	1
2524614560	3
2511231019	1
2576861140	1
2522572128	1
2513237148	2
2551306288	1
2576861006	1
2551306084	8
2576861284	1
2568526311	1
2541047102	1
2547132288	5
2609460180	1
2523533558	2
2551306133	3
2515154112	1
2568526347	1
2563366550	1
2537561926	1
644736368	2
2554235269	1
2529293192	2
2551306414	2
2519899785	4
2548877041	1
2568526741	1
2547132049	10
2528311013	2
2579778506	1
2524614552	1
2579778994	5
2565956888	7
2513237094	1
2524614542	1
2576861085	7
647000328	1
2563366512	1
2548876985	1
2565956660	6
2576861098	1
2508501021	1
2547132190	1
2582580882	1
2579778886	1
2609459724	1
2513237183	4
2574180259	1
2576861345	1
2511231113	6
2513237138	1
2524614565	5
2563367152	1
2568526169	8
2522572101	3
2528768012	3
2609460172	1
2585427593	1
2551306099	1
642555111	5
2565956678	4
2519899711	2
2508501125	2
2609459807	2
2579779005	1
2537561718	3
2548876760	11
2571042206	7
2597490182	6
2588253754	2
648028007	11
2616644843	2
2528311045	5
2576861765	1
2596583583	1
2523533619	2
2565956895	9
2554235260	1
2513237161	1
2597490142	4
2509276052	2
2537561721	8
2574179966	1
2510065056	1
2565956890	8
2554235251	1
2585427629	2
2565956910	6
2582580789	5
643886158	1
2547132101	1
2531839574	3
2576861191	1
2574180113	1
2531839177	2
2565956987	1
2537562035	5
2574179832	1
2579778727	1
2537561903	1
644736413	2
2545555814	2
2597489934	1
2523533528	1
2582580911	1
2531839350	9
2523231078	8
2574180079	1
2519103122	1
2609459641	2
2590828855	4
2579778942	5
2541047046	1
2551306320	1
2551306163	1
2534681908	4
2526164546	3
2548876715	6
2558860228	4
2596583559	1
2574180349	1
2576861091	1
2531839677	1
2531839497	3
646206269	1
2609460298	2
2513020051	2
2576861154	1
2562617052	1
2545824687	1
2505313042	1
2548876927	1
2551306004	1
2510065041	1
2565956885	6
640427105	3
2524023229	9
2537562214	4
2547132374	2
2574180172	1
2574180320	1
2522125155	1
2574180342	1
2547132118	1
2537561850	2
2547132287	7
2565956975	5
2537562123	3
2597489963	1
2545824679	1
2534682025	4
2576861488	1
2521172647	2
2602042071	9
2522572104	3
2551306315	2
2609459631	3
2511231020	1
2529293186	1
2517572148	7
2576861124	1
2615840633	2
2565956792	1
2568526618	1
2576861156	1
2574179905	1
2529292578	10
2609459787	4
2551306471	1
2609460330	1
2576861554	1
2545824539	2
2576861046	1
2574180228	1
2531839203	1
641228489	5
2513237372	1
2574179939	1
2517093001	1
2519103184	2
642979333	1
2574180254	1
2521172760	3
2565956590	1
2545555808	1
2505313046	1
2518285535	1
2523533583	3
2558860267	4
2585428057	3
2508501128	1
2531839361	7
2551306420	2
2576861165	1
2585427998	1
643886175	1
2523533511	6
2585428005	3
2574180171	3
2585427615	4
2574180357	1
2563366759	1
2515154134	1
2574180368	1
2554235202	1
648276631	1
2551306022	1
2521172669	1
2541047503	1
2547132171	1
2565956636	3
2519899806	2
2582581298	1
2540341094	9
2582581867	1
2531839357	4
2576861003	1
2576861809	1
2505679082	4
2554235256	1
2554235061	8
2524023249	1
648276702	1
2516653063	1
2541047099	2
2597489952	1
2585428062	1
2519899736	1
2537562008	4
2565956796	1
2576861044	1
2565956780	1
2565956934	7
2554235047	1
2546825533	1
2615840640	1
2574179764	1
2582581866	1
2595698237	2
2574179744	7
2511231200	6
2574180159	1
2537561557	6
650716061	2
2563366510	2
648861015	2
2513237276	1
2585427527	1
2582580839	3
2571042860	6
2511231207	2
2523533581	1
646564509	7
2551306314	1
2597489981	4
2576861096	1
2554235238	1
2506783046	9
2582580844	6
2576861118	1
2582580884	1
2518645601	1
2513237268	1
2537562135	1
2576861425	3
2576861161	1
2523231025	2
2511231014	1
2541048009	2
2565956651	7
2541046980	1
2556921622	1
2596583581	3
650716010	1
2561511210	1
2574179954	1
2513237096	1
2529292751	4
2600255250	1
2568526306	10
2585427675	1
2551306345	2
2593339144	6
2513237083	1
2574179918	1
2574180073	1
2551306396	32
2519103149	4
2510065058	2
2524614768	1
2516493024	3
2526164530	1
2540341131	3
2551306381	2
2571042598	5
2565956682	2
2582581296	2
2511231183	4
2523231023	2
2537561848	6
2554235062	3
641522638	6
2551306498	2
2615840601	3
2524614581	1
2576861018	1
2597490201	1
643348568	4
2554235057	1
2609460257	1
2585428026	1
2574179848	1
2565956795	1
2609460206	1
2576861143	1
2517487022	3
647533191	1
2548877020	7
646311950	2
2579778653	1
2571042597	1
2524023059	1
2585427632	3
2519899792	1
2565956900	4
2579778719	4
648276698	1
2524023227	2
2574180338	1
2521172615	1
2565956963	5
646564515	7
2579779031	6
2574180121	1
2537561555	6
2596583622	2
2609460303	7
2562617135	1
2513237089	1
2545824760	1
2600255064	2
2565956549	2
2534682018	4
2524614513	1
2519103075	1
2524614649	1
2563367217	4
2554235309	1
2582580873	1
640427122	2
2526164622	1
640753030	2
2551306384	3
2597489944	5
2582580973	1
2574180027	1
2574179897	1
2609459762	4
2508501054	1
2597490034	4
2551306002	1
640427129	1
2524614737	3
2551306485	11
2508501074	5
2537561839	1
2551306306	1
2554235295	1
2585427682	1
2519899643	3
2529292748	3
2551306017	1
2523533548	2
2576861053	1
2576861145	1
2513237114	3
2523231083	1
2597489887	6
640753059	2
2551306391	1
650716076	6
2548877151	5
639633002	3
2547132045	1
2519103159	1
2576861389	1
2537562000	4
2524023210	1
2563366739	1
2565956947	3
2518645598	1
2565956869	8
2516143114	1
2609460316	8
2571042232	2
648276707	10
2534681696	3
2545555861	2
2506520000	2
2600255390	1
2551306012	1
2576861081	1
2524023086	8
2228664039	1
2579779141	1
2565956684	6
2576861219	1
2524023199	3
2508501114	1
2551306013	1
2609460141	2
2599185119	4
2511231031	2
2554235083	4
2537561632	1
2524614759	4
639633055	3
2526164683	1
643886201	1
2574180021	1
2524614761	1
2519899837	1
2551306418	17
2531839349	6
2529292503	3
2545555856	1
2551306169	1
2609460216	1
2531839577	2
2574180265	1
2529293009	3
2574180058	1
2574179846	1
2609460301	3
2556921005	4
2576861323	1
2579778925	1
2565956670	4
2574179804	1
2551306151	1
2565956877	2
2574179888	1
2526164783	5
2579778513	1
2518645508	2
2554235069	3
650377905	4
2228664007	1
2588253730	2
2551306020	1
2576861209	1
2540341032	1
2574180150	1
2568526458	4
649633089	4
2593339266	2
2524614595	5
2554235346	6
2511231079	9
2597489953	2
651053063	3
646564591	3
2513237164	1
2516653047	3
643886166	1
2524614879	7
2524614660	2
2597490123	4
2513237259	1
2582581279	3
2597489983	2
2548877094	1
2537561724	10
651053060	4
643348541	3
2548877019	4
2565956924	5
2568526443	3
2512875016	2
2521172642	1
2579779131	1
2513237326	1
2593339239	1
2515154154	1
2593339129	2
2554235052	6
2568526042	1
2517572208	2
2515154122	1
2554235075	12
2571042565	1
2574180363	1
2554235275	1
2576861228	1
641736158	9
2537561902	2
2609460223	3
2565957134	13
2521172695	2
2554235235	1
2506783057	3
643348563	5
2585427556	2
2574179826	1
2563367076	1
2574180066	1
2600255094	1
2574180253	1
2519899833	7
2582581315	2
2513237123	1
2585427618	4
2554235013	4
2554235264	1
2574179874	1
2582581016	1
2511231108	3
2507262015	3
639633005	6
2582580852	5
2596583681	2
2511231180	7
2524614545	1
2513237093	1
639633015	5
643886094	1
646311908	7
2551306183	1
646311929	8
2597490195	8
2599185145	1
2576861195	1
2554235247	1
2516653037	9
2531839536	1
2563366514	15
2505313048	1
651324015	1
2565956942	3
643348503	6
2615840595	1
2516653076	1
2506783022	1
2574179798	1
2547132176	1
2574180128	1
643348523	6
2537561587	1
2582580785	4
2524023226	3
645058779	11
2574180166	1
2529292577	1
642555124	2
2585428185	1
2522572097	1
2509276021	3
2585427720	2
649633032	4
2576861353	1
2522572150	7
2541047116	3
2551306467	2
2600255067	1
2562617092	1
2522125132	2
2541047482	1
2574180310	2
649633093	3
2597490112	2
2506783053	2
2561511190	6
2565956949	7
2585427858	5
2554235241	1
2519103165	4
2529292555	1
2517572143	1
2563367048	4
2529292742	1
648276700	1
2526164562	1
2551306506	11
2518645591	1
2510065053	2
2523533615	1
651053055	1
2600255072	1
2599185107	1
2574180230	1
2523231067	4
2554235066	12
2513237111	2
2547132289	5
2585427651	3
2551306317	1
2526164654	1
2582580902	1
2521172653	1
2574180013	3
2565956964	6
2571042748	4
2554235209	1
2506783048	2
2513237144	1
2505313040	1
2540341127	1
2565956939	8
2579778860	2
2574179860	1
2609459644	2
2519899511	1
2576861232	1
2576861058	1
2526164625	1
2548877085	1
2529293183	3
2547132308	2
2568526280	1
640069313	2
2597490376	2
2551306352	1
2548876809	2
2510065076	3
2529293012	6
2541046984	4
2597490133	5
2565957092	5
2526164586	1
2545824543	1
2574180383	1
2505313061	1
2574180030	1
2519899543	9
2574180210	1
2519103074	4
645058864	1
2531839264	1
640427104	2
2518645543	2
2579778556	1
2561511168	4
2597490176	6
640963026	1
2519103129	4
2596583571	2
2517572190	1
2524023215	7
2585427943	6
2517434009	2
2565956690	6
2574180110	1
2503508000	3
2548877036	1
2518285564	5
2541047597	1
2558309000	1
2504643007	1
2576861394	1
2574179818	1
2556921649	2
2585428183	1
640069304	4
642555133	3
2563366756	3
2585427638	3
2565956903	5
2616644941	1
643886123	1
2568526116	1
2579778693	4
2554235088	10
2511231003	4
2501846311	1
2609460307	2
2562617134	1
649633079	14
2551306003	1
2563366549	1
2609459602	5
2585427609	1
2548876983	2
648276697	1
645058772	12
2585428115	2
643692033	5
2579779010	1
2516493018	2
2517572166	2
2585428125	1
2593339198	7
2574180267	1
2561511096	1
2556921043	3
2585427595	2
2513237264	1
649633086	6
2541047028	4
650716032	5
2551306358	4
2565956967	8
2524023181	1
2609459737	2
2582580880	1
2565956918	7
640753007	7
2516493006	7
2571042775	1
2597489936	1
2565956889	4
2579778891	1
2517093040	2
2534681779	5
2565956978	9
2554235279	1
2574180156	1
2513237139	1
2513237284	1
2547132261	1
2588253764	2
2571042687	4
2516143110	4
2565956904	4
2600255035	1
2565957081	8
2546825546	5
2551306544	1
2547132238	1
2529293005	5
2565956950	5
2579778828	8
2615840626	1
639633051	2
2523533611	2
2561511202	2
2516653050	1
2609460236	2
2579778997	1
2565956981	6
2519103109	1
2529292750	3
2596583586	8
2565956874	10
2576861221	1
2565956816	1
2609459743	2
2609459869	5
2585427664	5
2537561790	4
2600255078	1
2576861099	1
2523533629	1
2541047009	4
2529293193	2
2508501100	1
2524614567	1
2599185209	2
2526164741	5
2556921015	2
2576861026	1
2541047017	5
2576861281	1
2518645613	3
2551306289	1
2596583589	1
2576861330	1
2597490290	2
2522572102	2
2563367146	3
2537561853	5
2524614564	3
2513237141	1
2554235255	1
2528311098	1
2505313060	1
2529293187	1
2609459740	2
643348512	14
2519103073	1
642555112	6
2576861378	1
2574179875	4
641228481	3
2582581868	3
2576861297	1
2574179838	1
2563367156	2
2609459843	2
2576861374	1
2531839353	3
2574180334	1
2526164579	1
2537562004	6
2534681669	1
2554235430	1
2551306155	1
2597490124	4
2565956864	4
2517572122	2
650716004	3
2561511143	3
2516653077	3
2551306278	1
2534681796	2
2551306016	1
2513237331	4
2582581297	3
2597490099	4
2582580778	2
2576861737	1
2563366720	1
2523533547	2
2531839611	5
2574180040	1
2523533577	3
2529293051	1
2523231029	3
2548876817	1
2579778836	7
2524614609	5
2615840685	10
2574180422	1
2545824693	1
2579778898	1
639633006	5
2565956923	7
2513237179	2
2554235105	1
2579779147	2
643692006	11
2565956957	3
2516143018	3
2537562053	9
2558860975	2
2513237305	1
2509276019	1
2579778746	1
2574180286	1
2537561906	1
647000281	1
2529292992	1
2576861039	3
2582581278	1
2554235090	1
2563366619	4
2523533544	2
2565957131	10
2516653015	1
2609459771	1
2519899633	1
2519899754	1
2558860101	3
2519899686	2
2554235208	1
2574179894	1
643886037	1
2565956791	1
640427136	5
2568526097	4
2556921096	1
2554235175	1
2597489911	7
2547132139	3
2519103087	1
2574180017	1
2521172632	2
2558860232	4
2574180393	1
2509276033	3
2565956694	6
2551306267	1
2517572175	7
2534682019	6
2519103078	7
2574180173	1
2561511112	3
2547132166	2
2565956935	3
2600255063	1
2512875026	3
2517572146	2
2548876928	1
2615840602	1
2529292583	1
2599185245	3
642555152	3
2579779000	1
2574180016	1
2576861487	1
2576861380	1
2524023144	1
2510065046	2
2548877089	1
640427108	2
2561511187	3
2545555862	4
2519899635	8
2603880214	14
2534681911	1
2503982034	1
2565956870	9
2515154150	1
2517572147	1
2579779142	3
2545824538	3
2551306134	3
2568526046	1
2562617103	3
2565957075	1
2511231081	14
2547132125	6
2510065019	3
2537562207	5
2576861070	1
2554235305	1
643886021	4
2554235050	1
2551306152	1
2524614770	3
2609460011	7
2574180039	1
2511231179	3
2609460192	1
2519103125	4
2519899553	1
2513237193	12
2554235261	1
2579779029	1
2551306124	1
2582581012	1
2568526411	2
651053001	7
645058758	1
2531839360	4
2574180376	1
2519103084	1
2505313045	1
2582581305	3
2526164591	1
2554235046	3
2522125157	5
2534681955	5
2512564041	1
2524614664	2
2551306518	19
2522125150	9
2551306021	1
2512564056	1
2568526391	1
2524614659	3
643886042	1
2554235257	1
2565956943	3
2513237190	10
2511231172	3
643886020	1
2565956640	8
639633039	1
2565956830	1
2609460214	1
2519899743	1
2588254278	8
2579778712	1
2576861267	1
2579778844	5
2576861758	1
2519899805	1
2548877032	1
2574179870	12
2551306337	5
648276693	1
2596583560	1
2576861346	1
2582581011	7
2585427594	3
2524023130	1
2582580753	1
2531839366	2
2609460297	2
2568526735	5
2593339238	1
2563367151	2
2510065057	1
2585428058	3
2504643008	2
2524614725	1
2565957133	3
2582581007	1
2526164707	2
2531839204	7
2519899622	1
2554235361	1
2565956679	1
2563367135	1
641522659	2
2579778637	1
2517287028	1
2551306192	1
2513237103	1
640753042	4
2556921621	4
647533115	2
2523231006	3
2541047101	1
2600255076	1
2528311129	1
2597490183	2
642555102	6
2551306096	1
2519103152	4
2574180313	1
640427131	4
2547132100	3
2582580843	4
2574179852	1
2551306521	4
2571042693	1
2524023241	1
2565956911	4
2576861260	1
639633009	2
2537562250	6
2579779081	1
2574180354	1
2547132161	1
2576861198	1
2519899844	1
2511231011	1
2554235289	1
2541047047	1
2554235402	3
2615840615	5
2562617111	1
2537562034	5
2576861259	1
2561511242	4
2600255026	1
2558860968	1
2579778645	1
2519899659	7
641228478	2
2523533501	3
2551306362	1
2545555815	1
2523231063	4
2521172625	1
2597490149	3
2524614578	2
2582580788	8
2524614876	2
2545824726	1
2565956820	1
2510917030	1
2602041566	1
2546826724	6
2576861806	11
2574180234	1
2574180102	1
2505313041	1
2508501122	1
2582581026	6
2516653031	1
2574180399	1
2596583545	9
2515154097	2
2537561729	5
2568526045	1
2547132141	1
2565956913	10
2590828856	6
643886071	1
